180 daily
909
1	2.04
2	-2.02
3	-4.96
4	-7.29
5	-2.76
6	-2.99
7	-2.88
8	-4.47
9	-1.16
10	-0.52
11	-3.8
12	-3.39
13	-2.2
14	-2.73
15	-2.7
16	-3.93
17	-2.81
18	-0.52
19	-0.43
20	-6.05
21	-8.31
22	-8.75
23	-13.39
24	-16.09
25	-13.93
26	-12.94
27	-14.2
28	-3.63
29	0.1
30	0.3
31	-5
32	-5.97
33	-3.04
34	-0.67
35	-2.65
36	2.4
37	-1.22
38	-5.82
39	-7.17
40	-5.65
41	-2.87
42	-4.02
43	-3.64
44	-2.2
45	-2.41
46	-1.82
47	-1.44
48	-2.69
49	2.17
50	5.12
51	1.77
52	1.33
53	2.48
54	6.07
55	6.19
56	6.07
57	6.52
58	5.38
59	7.15
60	7.12
61	4.23
62	1.76
63	-0.27
64	-2.89
65	-3.92
66	-3.95
67	-4.38
68	-3.99
69	-1.89
70	-1.97
71	-0.78
72	1.73
73	4.23
74	0.66
75	1.07
76	3.15
77	7.51
78	8.96
79	11.56
80	13.37
81	8.95
82	8.57
83	10
84	13.56
85	16.39
86	11.13
87	8.32
88	11.14
89	13.9
90	9.82
91	9.23
92	4.19
93	6.92
94	11.1
95	7.56
96	6.7
97	6.97
98	10.16
99	9.63
100	6.33
101	5.06
102	8.79
103	8.64
104	7.78
105	8.72
106	10.03
107	8.05
108	12.02
109	13.22
110	12.07
111	8.79
112	6.27
113	9.39
114	12.18
115	13.35
116	15.05
117	13.99
118	13.29
119	15.09
120	19.33
121	16.04
122	13.78
123	14.49
124	10.74
125	8.99
126	13.64
127	13.26
128	12.84
129	12.48
130	13.83
131	15.97
132	16.77
133	12.95
134	10.21
135	10.72
136	7.35
137	7.58
138	7.97
139	8.75
140	11.9
141	14.74
142	15.39
143	15.34
144	16.12
145	15.06
146	11.58
147	15.93
148	17.41
149	16.5
150	16.16
151	13.3
152	11.57
153	12.12
154	16.43
155	16.66
156	17.89
157	20.1
158	20.74
159	22.72
160	25.45
161	26.69
162	25.86
163	25.4
164	18
165	13.41
166	15.69
167	17.61
168	17.74
169	18.49
170	15.52
171	13.14
172	14.09
173	15.96
174	16.64
175	17.27
176	14.85
177	18.05
178	19.16
179	20.29
180	21.9
181	22.79
182	21.08
183	23.81
184	22.87
185	20.24
186	19.76
187	17.22
188	16.48
189	18.05
190	20.97
191	23.39
192	25.29
193	25.73
194	25.07
195	25.67
196	24.65
197	26.35
198	26.63
199	18.94
200	16.21
201	22.26
202	24.76
203	26.88
204	24.19
205	18.47
206	15.89
207	16.49
208	17.85
209	16.89
210	20.36
211	15.75
212	18.01
213	21.24
214	23.02
215	20.32
216	18.15
217	20.2
218	19.47
219	19.88
220	17.92
221	18.9
222	19.81
223	19.29
224	23.04
225	23.84
226	23.01
227	20.81
228	19.58
229	17.15
230	17.6
231	17.57
232	17.2
233	19.98
234	22.84
235	23.16
236	20.72
237	18.42
238	19.08
239	20.85
240	15.69
241	13.23
242	12.32
243	11.13
244	11.91
245	13.74
246	12.83
247	12.14
248	11.3
249	13.67
250	14.98
251	15.59
252	14.99
253	14.85
254	16.36
255	15.49
256	16.15
257	15.63
258	14.42
259	12.98
260	11.82
261	11.86
262	15.04
263	14.61
264	15.19
265	17.45
266	18.39
267	13.94
268	10.28
269	10.2
270	8.84
271	6.29
272	6.02
273	8.41
274	10.81
275	12.73
276	13.15
277	11.12
278	7.77
279	5.77
280	6.95
281	5.51
282	5.84
283	3.41
284	6
285	5.13
286	8.14
287	8.13
288	5.56
289	5.29
290	6.72
291	7.5
292	5.88
293	5.52
294	7.08
295	9.61
296	5.43
297	4.8
298	3.97
299	4.99
300	6.89
301	7.35
302	11.01
303	15.47
304	13.06
305	10.84
306	14.17
307	15.3
308	12.88
309	8.9
310	9.58
311	11.3
312	9.84
313	7.17
314	9.89
315	13.78
316	12.33
317	10.76
318	10.47
319	7.37
320	8.01
321	8.55
322	5.24
323	5.18
324	8.47
325	5.66
326	2.88
327	1.51
328	-0.14
329	-0.36
330	-1.74
331	-1.73
332	-6.22
333	-8.38
334	-4.64
335	-6.18
336	-8.52
337	-6.78
338	0.66
339	1.22
340	3.1
341	1.55
342	-2.58
343	-0.5
344	1.53
345	-3.46
346	-5.36
347	-6.77
348	-10.16
349	-7.29
350	-6.99
351	-5
352	1.57
353	1.31
354	1.44
355	3.73
356	2.99
357	-0.88
358	-6.47
359	-7.26
360	-5.23
361	-8.06
362	-8.78
363	-6.12
364	-0.77
365	0.16
366	-1.78
367	-4.49
368	-3.68
369	0.07
370	3.67
371	5.19
372	5.37
373	2.81
374	1.64
375	4.38
376	5.09
377	8.62
378	7.65
379	5.19
380	2.08
381	2.48
382	2.8
383	0.69
384	-0.97
385	-1.6
386	-2.05
387	-2.9
388	-2.53
389	-0.02
390	-0.71
391	-4.47
392	-4.96
393	-6.87
394	-8.3
395	-6.49
396	-4.7
397	-1.97
398	2.17
399	6.75
400	8.33
401	6.27
402	5.52
403	1.68
404	2.69
405	5.12
406	-0.7
407	-2.05
408	-2.35
409	-3.58
410	-1.88
411	1.69
412	1.37
413	-1.41
414	-6.46
415	-8.36
416	-8.39
417	-9.34
418	-7.77
419	-6.16
420	-3.28
421	-0.3
422	-1.89
423	-1.62
424	-0.74
425	1.76
426	2.5
427	2.88
428	0.95
429	-0.81
430	0.11
431	2.94
432	3.53
433	7.62
434	10.31
435	12.77
436	13.85
437	11.56
438	8.41
439	7.08
440	3.91
441	2.25
442	1.97
443	3.42
444	6.52
445	7.55
446	8.56
447	9
448	6.11
449	3.82
450	7.01
451	8.47
452	11.08
453	12.5
454	13.76
455	11.73
456	12.93
457	10.96
458	9.18
459	11.62
460	16.17
461	10.68
462	9.42
463	8.41
464	9.59
465	11.9
466	6.22
467	5
468	7.19
469	8.68
470	9.06
471	10.77
472	12.15
473	18.8
474	16.49
475	17.33
476	12.59
477	11.81
478	11
479	13.33
480	15.83
481	15.87
482	13.44
483	9.86
484	9.74
485	4.03
486	5.67
487	6.71
488	9.87
489	13.17
490	12.95
491	14.54
492	17.13
493	17.57
494	18.94
495	14.97
496	14.06
497	10.2
498	12.24
499	14.72
500	18.39
501	19.97
502	20.27
503	19.48
504	20.87
505	18.76
506	20.57
507	15.21
508	17.78
509	17.43
510	11.63
511	16.7
512	20.54
513	22.52
514	18.72
515	17.02
516	19.61
517	20.62
518	21.35
519	20.49
520	23.07
521	21.93
522	15.51
523	16.58
524	17.83
525	17.75
526	19.04
527	19.89
528	20.6
529	22.45
530	20.52
531	19.09
532	15.65
533	15.99
534	18.18
535	23.87
536	20.62
537	16.73
538	14.38
539	14.85
540	17.87
541	19.86
542	20.45
543	17.97
544	11.61
545	14.61
546	12.66
547	15.47
548	16.85
549	18.99
550	21.57
551	22.56
552	23.36
553	23.81
554	21.95
555	20.21
556	24.5
557	22.95
558	17.17
559	19.05
560	23.18
561	18.97
562	21.11
563	19.11
564	15.29
565	13.71
566	17.41
567	15.59
568	15.26
569	16.51
570	17.08
571	18.43
572	17.95
573	15.91
574	15.35
575	16.77
576	18.76
577	20.5
578	20.43
579	21.65
580	22.62
581	23.15
582	17.7
583	17.87
584	14.2
585	16.4
586	19.34
587	18.41
588	20.57
589	21.62
590	18.5
591	20.18
592	22.47
593	21.31
594	18.92
595	20.24
596	22.87
597	23.33
598	24.56
599	24.78
600	26.83
601	26.46
602	17.33
603	18.28
604	16.29
605	15.1
606	16.5
607	17.76
608	18.77
609	21.33
610	23.36
611	17.57
612	15.99
613	13.83
614	15.22
615	18.18
616	20.96
617	19.14
618	19.5
619	16.64
620	14.33
621	13.27
622	15.6
623	20.41
624	12.81
625	12.75
626	15.29
627	15.13
628	15.48
629	13.33
630	13.92
631	15.85
632	16.58
633	15.49
634	14.75
635	15.35
636	15.74
637	13.82
638	16.35
639	18.21
640	16.52
641	17.88
642	10.22
643	8.38
644	7.39
645	8.53
646	14.81
647	11.08
648	7.46
649	6.03
650	6.58
651	4.39
652	5.37
653	7.38
654	10.1
655	6.42
656	3.98
657	3.8
658	5.31
659	7.65
660	9.09
661	13.1
662	10.44
663	9.93
664	9.89
665	9.45
666	9.43
667	7.15
668	6.42
669	7.65
670	7.83
671	8.32
672	8.93
673	7.04
674	8.74
675	6.12
676	4.02
677	1.51
678	0.52
679	-0.93
680	2
681	-1.1
682	1.17
683	0.99
684	1.4
685	3.46
686	2.61
687	1.14
688	0.62
689	0.81
690	-0.32
691	-0.2
692	2.08
693	4.12
694	4.02
695	1.98
696	1.48
697	2.12
698	2.39
699	2.01
700	7.64
701	6.85
702	3.03
703	3.02
704	3.77
705	5.38
706	4.14
707	0.9
708	4.16
709	5.25
710	6.34
711	5.82
712	5.8
713	4.7
714	2.76
715	-0.41
716	-3.88
717	-1.52
718	0.33
719	-0.85
720	3.09
721	3.65
722	4.9
723	6.17
724	5.26
725	3.06
726	2.56
727	1.9
728	1.33
729	4.57
730	5.44
731	5.97
732	3.5
733	2.93
734	2.14
735	3.15
736	2.76
737	3.35
738	4.32
739	5.96
740	2.61
741	0.11
742	-1.34
743	-2.33
744	-0.72
745	0.41
746	1.8
747	2.44
748	1.54
749	3.45
750	3.17
751	1.23
752	-0.49
753	-3.14
754	-7.32
755	-5.99
756	-8.88
757	-10.12
758	-11.71
759	-13.31
760	-15.23
761	-15.09
762	-15.5
763	-12.64
764	-13.64
765	-10.4
766	-11.52
767	-9.97
768	-12.17
769	-13.79
770	-13.85
771	-9.78
772	-4.95
773	-0.93
774	-1.84
775	-0.45
776	3.07
777	3.02
778	0.8
779	-0.22
780	3.19
781	3.65
782	6.78
783	6.95
784	2.66
785	-0.3
786	0.96
787	7.79
788	7.37
789	6.95
790	2.96
791	1.01
792	-0.19
793	-1.48
794	-1.74
795	0.73
796	1.28
797	3.59
798	5.68
799	4.61
800	6.79
801	5.81
802	5.09
803	8.69
804	12.29
805	12.67
806	7.09
807	7.05
808	9.49
809	10.29
810	9.91
811	10.29
812	11.01
813	5.61
814	9.07
815	12.59
816	8.71
817	6.74
818	5.92
819	3.58
820	6.56
821	9.54
822	13.13
823	6.38
824	4.99
825	7.19
826	1.16
827	2.82
828	10.53
829	10.92
830	9.89
831	9.28
832	6.21
833	6.71
834	9.69
835	11.3
836	13.19
837	11.39
838	10.88
839	11.08
840	13.23
841	11.89
842	15.73
843	18.63
844	21.7
845	24.78
846	22.73
847	21.08
848	20.74
849	19.63
850	15.11
851	17.66
852	15.16
853	10.07
854	10.95
855	16.08
856	20.27
857	21.1
858	13.01
859	8.56
860	11.12
861	11.9
862	9.68
863	8.59
864	10.76
865	15.85
866	19.93
867	21.54
868	22.66
869	23.65
870	20.35
871	16.98
872	16.53
873	16.1
874	16.81
875	19.14
876	19.1
877	17.18
878	14.48
879	13.76
880	18.06
881	15.24
882	12.45
883	14.3
884	19.39
885	20.42
886	17.2
887	17.44
888	14.91
889	16.57
890	15.2
891	14.02
892	16.8
893	23.12
894	24.46
895	25.62
896	24.03
897	25.59
898	23.63
899	18.84
900	19.45
901	22.13
902	18.67
903	16.52
904	18.22
905	19.65
906	22.46
907	26.8
908	27.35
909	24.35
